99 785 310 152 698 620 486 984 202 491
280 408 514 669 552 99 932 688 723 697
482 129 406 748 187 99 885 123 594 717
369 890 13 729 934 99 183 794 665 212
315 44 36 690 379 99 34 773 913 903
730 612 797 70 624 99 533 916 404 25
618 368 23 774 615 99 63 141 412 159
243 31 775 53 985 99 440 843 320 938
132 633 248 639 99 988 604 346 23 949
391 42 536 99 683 99 718 968 661 193
418 286 107 897 971 99 663 423 448 415
355 33 940 605 857 99 366 131 73 47
457 558 978 97 112 99 924 359 662 208
425 353 389 489 800 99 142 563 687 788
614 438 452 145 853 99 420 201 26 864
8 598 304 863 458 99 847 218 195 632
947 67 160 109 105 99 113 294 302 512
737 115 546 521 660 99 109 640 429 295
758 880 804 348 175 99 134 882 646 754
266 623 667 32 862 99 509 568 668 979