10
45
887 415 427 558 89 77 75 285 753 141 934 671 683 747 724 101 875 518 885 314 925 307 18 360 407 224 199 227 432 60 139 73 973 463 954 689 246 417 760 685 406 944 930 335 177
26
980 634 52 374 271 342 629 98 480 280 257 826 362 794 346 730 259 693 151 821 801 95 626 576 130 535
15
477 610 56 848 22 311 850 970 493 927 706 132 249 783 135
45
769 356 359 266 447 44 500 135 240 403 298 464 837 798 935 579 908 486 744 146 401 792 763 455 186 23 238 604 630 41 128 525 354 804 684 657 752 405 782 269 891 315 533 612 788
9
717 137 818 127 795 977 297 943 25
1
672
22
622 595 445 937 137 167 957 566 651 527 868 36 459 702 67 375 614 958 14 749 468 823
3
623 229 901
33
531 640 456 69 94 983 506 338 903 716 276 674 30 889 893 866 396 429 508 790 435 729 491 142 32 538 537 99 834 722 509 933 212
42
519 382 780 968 725 10 816 751 1000 222 845 507 746 495 179 896 590 134 808 431 956 530 939 918 662 554 136 462 556 481 273 681 865 62 499 306 305 812 840 70 86 279

